-0.372656 0.243036
-0.371183 0.244509
-0.36971 0.245982
-0.368237 0.247455
-0.366764 0.248928
-0.365291 0.250401
-0.363818 0.251874
-0.362345 0.253347
-0.360872 0.25482
-0.359399 0.256293
-0.357926 0.257766
-0.356453 0.259239
-0.35498 0.260712
-0.35498 0.262185
-0.353507 0.263658
-0.352034 0.265131
-0.352034 0.266603
-0.350561 0.268076
-0.349089 0.269549
-0.349089 0.271022
-0.347616 0.272495
-0.347616 0.273968
-0.346143 0.275441
-0.34467 0.276914
-0.343197 0.278387
-0.341724 0.27986
-0.341724 0.281333
-0.340251 0.282806
-0.338778 0.284279
-0.338778 0.285752
-0.337305 0.287225
-0.337305 0.288698
-0.335832 0.290171
-0.334359 0.291644
-0.334359 0.293117
-0.332886 0.294589
-0.331413 0.296062
-0.331413 0.297535
-0.32994 0.299008
-0.328467 0.300481
-0.328467 0.301954
-0.326994 0.303427
-0.326994 0.3049
-0.325521 0.306373
-0.325521 0.307846
-0.325521 0.309319
-0.324048 0.310792
-0.324048 0.312265
-0.322575 0.313738
-0.322575 0.315211
-0.322575 0.316684
-0.321103 0.318157
-0.321103 0.31963
-0.321103 0.321103
-0.321103 0.322575
-0.31963 0.324048
-0.31963 0.325521
-0.31963 0.326994
-0.318157 0.328467
-0.318157 0.32994
-0.318157 0.331413
-0.318157 0.332886
-0.31963 0.334359
-0.318157 0.335832
-0.318157 0.337305
-0.316684 0.338778
-0.316684 0.340251
-0.316684 0.341724
-0.316684 0.343197
-0.316684 0.34467
-0.316684 0.346143
-0.316684 0.347616
-0.315211 0.349089
-0.315211 0.350561
-0.315211 0.352034
-0.315211 0.353507
-0.315211 0.35498
-0.315211 0.356453
-0.315211 0.357926
-0.315211 0.359399
-0.315211 0.360872
-0.315211 0.362345
-0.315211 0.363818
-0.315211 0.365291
-0.315211 0.366764
-0.315211 0.368237
-0.315211 0.36971
-0.315211 0.371183
-0.315211 0.372656
-0.315211 0.374129
-0.315211 0.375602
-0.315211 0.377075
-0.315211 0.378547
-0.315211 0.38002
-0.315211 0.381493
-0.316684 0.382966
-0.316684 0.384439
-0.316684 0.385912
-0.316684 0.387385
-0.316684 0.388858
-0.316684 0.390331
-0.316684 0.391804
-0.316684 0.393277
-0.316684 0.39475
-0.316684 0.396223
-0.318157 0.397696
-0.318157 0.399169
-0.318157 0.400642
-0.318157 0.402115
-0.318157 0.403588
-0.318157 0.405061
-0.318157 0.406533
-0.31963 0.408006
-0.31963 0.409479
-0.31963 0.410952
-0.31963 0.412425
-0.31963 0.413898
-0.31963 0.415371
-0.321103 0.416844
-0.321103 0.418317
-0.321103 0.41979
-0.321103 0.421263
-0.321103 0.422736
-0.321103 0.424209
-0.322575 0.425682
-0.322575 0.427155
-0.322575 0.428628
-0.322575 0.430101
-0.322575 0.431574
-0.324048 0.433047
-0.324048 0.434519
-0.324048 0.435992
-0.324048 0.437465
-0.324048 0.438938
-0.325521 0.440411
-0.325521 0.441884
-0.325521 0.443357
-0.325521 0.44483
-0.325521 0.446303
-0.326994 0.447776
-0.326994 0.449249
-0.326994 0.450722
-0.326994 0.452195
-0.326994 0.453668
-0.326994 0.455141
-0.326994 0.456614
-0.326994 0.458087
-0.326994 0.45956
-0.326994 0.461033
-0.326994 0.462505
-0.326994 0.463978
-0.326994 0.465451
-0.326994 0.466924
-0.326994 0.468397
-0.326994 0.46987
-0.326994 0.471343
-0.326994 0.472816
-0.326994 0.474289
-0.326994 0.475762
-0.325521 0.477235
-0.325521 0.478708
-0.325521 0.480181
-0.325521 0.481654
-0.324048 0.483127
-0.324048 0.4846
-0.324048 0.486073
-0.322575 0.487546
-0.322575 0.489019
-0.321103 0.490491
-0.321103 0.491964
-0.321103 0.493437
-0.31963 0.49491
-0.31963 0.496383
-0.318157 0.497856
-0.318157 0.499329
-0.316684 0.500802
-0.316684 0.502275
-0.315211 0.503748
-0.315211 0.505221
-0.313738 0.506694
-0.313738 0.508167
-0.312265 0.50964
-0.312265 0.511113
-0.310792 0.512586
-0.310792 0.514059
-0.309319 0.515532
-0.309319 0.517005
-0.307846 0.518477
-0.307846 0.51995
-0.306373 0.521423
-0.306373 0.522896
-0.3049 0.524369
-0.3049 0.525842
-0.303427 0.527315
-0.303427 0.528788
-0.303427 0.530261
-0.301954 0.531734
-0.301954 0.533207
-0.300481 0.53468
-0.300481 0.536153
-0.300481 0.537626
-0.299008 0.539099
-0.299008 0.540572
-0.299008 0.542045
-0.297535 0.543518
-0.297535 0.544991
-0.297535 0.546463
-0.297535 0.547936
-0.296062 0.549409
-0.296062 0.550882
-0.296062 0.552355
-0.294589 0.553828
-0.294589 0.555301
-0.294589 0.556774
-0.294589 0.558247
-0.294589 0.55972
-0.293117 0.561193
-0.293117 0.562666
-0.293117 0.564139
-0.293117 0.565612
-0.291644 0.567085
-0.291644 0.568558
-0.291644 0.570031
-0.291644 0.571504
-0.291644 0.572977
-0.291644 0.574449
-0.290171 0.575922
-0.290171 0.577395
-0.290171 0.578868
-0.290171 0.580341
-0.290171 0.581814
-0.290171 0.583287
-0.288698 0.58476
-0.288698 0.586233
-0.288698 0.587706
-0.288698 0.589179
-0.288698 0.590652
-0.288698 0.592125
-0.288698 0.593598
-0.288698 0.595071
-0.287225 0.596544
-0.287225 0.598017
-0.287225 0.59949
-0.287225 0.600963
-0.287225 0.602435
-0.287225 0.603908
-0.287225 0.605381
-0.287225 0.606854
-0.287225 0.608327
-0.285752 0.6098
-0.285752 0.611273
-0.285752 0.612746
-0.285752 0.614219
-0.285752 0.615692
-0.285752 0.617165
-0.285752 0.618638
-0.285752 0.620111
-0.285752 0.621584
-0.285752 0.623057
-0.285752 0.62453
-0.284279 0.626003
-0.284279 0.627476
-0.284279 0.628949
-0.284279 0.630421
-0.284279 0.631894
-0.284279 0.633367
-0.284279 0.63484
-0.284279 0.636313
-0.284279 0.637786
-0.284279 0.639259
-0.284279 0.640732
-0.284279 0.642205
-0.284279 0.643678
-0.282806 0.645151
-0.282806 0.646624
-0.282806 0.648097
-0.282806 0.64957
-0.282806 0.651043
-0.282806 0.652516
-0.282806 0.653989
-0.282806 0.655462
-0.282806 0.656934
-0.282806 0.658407
-0.282806 0.65988
-0.282806 0.661353
-0.282806 0.662826
-0.282806 0.664299
-0.282806 0.665772
-0.282806 0.667245
-0.281333 0.668718
-0.281333 0.670191
-0.281333 0.671664
-0.281333 0.673137
-0.281333 0.67461
-0.281333 0.676083
-0.281333 0.677556
-0.281333 0.679029
-0.281333 0.680502
-0.281333 0.681975
-0.281333 0.683448
-0.281333 0.684921
-0.27986 0.686393
-0.27986 0.687866
-0.27986 0.689339
-0.27986 0.690812
-0.27986 0.692285
-0.27986 0.693758
-0.27986 0.695231
-0.27986 0.696704
-0.27986 0.698177
-0.27986 0.69965
-0.27986 0.701123
-0.278387 0.702596
-0.278387 0.704069
-0.278387 0.705542
-0.278387 0.707015
-0.278387 0.708488
-0.278387 0.709961
-0.278387 0.711434
-0.278387 0.712907
-0.278387 0.714379
-0.278387 0.715852
-0.278387 0.717325
-0.278387 0.718798
-0.278387 0.720271
-0.278387 0.721744
-0.278387 0.723217
-0.278387 0.72469
-0.278387 0.726163
-0.278387 0.727636
-0.278387 0.729109
-0.278387 0.730582
-0.278387 0.732055
-0.278387 0.733528
-0.278387 0.735001
-0.278387 0.736474
-0.278387 0.737947
-0.278387 0.73942
-0.278387 0.740893
-0.27986 0.742365
-0.27986 0.743838
-0.27986 0.745311
-0.27986 0.746784
-0.27986 0.748257
-0.27986 0.74973
-0.27986 0.751203
-0.27986 0.752676
-0.27986 0.754149
-0.27986 0.755622
-0.27986 0.757095
-0.281333 0.758568
-0.281333 0.760041
-0.281333 0.761514
-0.281333 0.762987
-0.281333 0.76446
-0.281333 0.765933
-0.281333 0.767406
-0.282806 0.768879
-0.282806 0.770351
-0.282806 0.771824
-0.282806 0.773297
-0.282806 0.77477
-0.282806 0.776243
-0.284279 0.777716
-0.284279 0.779189
-0.284279 0.780662
-0.284279 0.782135
-0.285752 0.783608
-0.285752 0.785081
-0.285752 0.786554
-0.285752 0.788027
-0.287225 0.7895
-0.287225 0.790973
-0.287225 0.792446
-0.288698 0.793919
-0.288698 0.795392
-0.288698 0.796865
-0.288698 0.798337
-0.290171 0.79981
-0.290171 0.801283
-0.290171 0.802756
-0.291644 0.804229
-0.291644 0.805702
-0.291644 0.807175
-0.293117 0.808648
-0.293117 0.810121
-0.294589 0.811594
-0.294589 0.813067
-0.296062 0.81454
-0.296062 0.816013
-0.297535 0.817486
-0.297535 0.818959
-0.299008 0.820432
-0.299008 0.821905
-0.300481 0.823378
-0.300481 0.82485
-0.301954 0.826323
-0.301954 0.827796
-0.303427 0.829269
-0.303427 0.830742
-0.3049 0.832215
-0.3049 0.833688
-0.306373 0.835161
-0.306373 0.836634
-0.307846 0.838107
-0.309319 0.83958
-0.309319 0.841053
-0.310792 0.842526
-0.310792 0.843999
-0.312265 0.845472
-0.313738 0.846945
-0.313738 0.848418
-0.315211 0.849891
-0.316684 0.851364
-0.316684 0.852837
-0.318157 0.854309
-0.31963 0.855782
-0.31963 0.857255
-0.31963 0.858728
-0.321103 0.860201
-0.322575 0.861674
-0.322575 0.863147
-0.324048 0.86462
-0.324048 0.866093
-0.325521 0.867566
-0.326994 0.869039
-0.328467 0.870512
-0.328467 0.871985
-0.32994 0.873458
-0.32994 0.874931
-0.331413 0.876404
-0.332886 0.877877
-0.332886 0.87935
-0.334359 0.880823
-0.335832 0.882295
-0.335832 0.883768
-0.337305 0.885241
-0.337305 0.886714
-0.338778 0.888187
-0.340251 0.88966
-0.340251 0.891133
-0.341724 0.892606
-0.341724 0.894079
-0.343197 0.895552
-0.343197 0.897025
-0.34467 0.898498
-0.34467 0.899971
-0.346143 0.901444
-0.346143 0.902917
-0.347616 0.90439
-0.347616 0.905863
-0.349089 0.907336
-0.349089 0.908809
-0.350561 0.910281
-0.350561 0.911754
-0.352034 0.913227
-0.352034 0.9147
-0.353507 0.916173
-0.353507 0.917646
-0.353507 0.919119
-0.35498 0.920592
-0.35498 0.922065
-0.356453 0.923538
-0.356453 0.925011
-0.356453 0.926484
-0.357926 0.927957
-0.357926 0.92943
-0.359399 0.930903
-0.359399 0.932376
-0.359399 0.933849
-0.359399 0.935322
-0.360872 0.936795
-0.362345 0.938267
-0.362345 0.93974
-0.363818 0.941213
-0.363818 0.942686
-0.363818 0.944159
-0.365291 0.945632
-0.365291 0.947105
-0.365291 0.948578
-0.365291 0.950051
-0.365291 0.951524
-0.365291 0.952997
-0.366764 0.95447
-0.366764 0.955943
-0.366764 0.957416
-0.366764 0.958889
-0.366764 0.960362
-0.368237 0.961835
-0.366764 0.963308
-0.368237 0.964781
-0.368237 0.966253
-0.368237 0.967726
-0.368237 0.969199
-0.368237 0.970672
-0.368237 0.972145
-0.368237 0.973618
-0.368237 0.975091
-0.368237 0.976564
-0.368237 0.978037
-0.366764 0.97951
-0.368237 0.980983
-0.366764 0.982456
-0.365291 0.983929
-0.363818 0.985402
-0.362345 0.986875
